19
15
17
17
15
15
13
13
13
13
11
11
11
11
11
11
13
15
15
19
19
21
21
21
25
25
27
27
29
31
35
39
43
43
39
45
41
33
21
11
3
-7
-29
-55
-59
-59
-59
-59
-59
-59
-49
-39
-29
-23
-15
-9
-1
3
9
15
21
31
43
53
59
63
71
75
77
79
77
73
69
71
69
59
37
11
-5
-25
-39
-45
-49
-53
-59
-59
-59
-59
-59
-59
-59
-59
-59
-59
-59
-59
-59
-59
-59
-59
-59
-59
-59
-59
-59
-59
-59
-59
-59
-59
-59
-59
-59
-59
-59
-59
-59
-59
-59
-59
-59
-59
-59
-59
-59
-59
-59
-59
-55
-39
-21
0
13
27
47
69
93
119
149
183
223
263
241
217
195
191
171
169
293
867
1363
1409
1423
1493
1559
1641
1700
1748
1802
1854
1904
1954
1980
1980
1980
1980
1980
1980
1980
1980
1980
1980
1980
1980
1980
1980
1980
1980
1980
1980
1980
1980
1980
1980
1980
1980
1980
1980
1980
1928
1816
1706
1607
1517
1419
1340
1268
1194
1128
1076
1024
967
899
831
753
674
590
508
430
368
323
287
257
231
205
185
165
145
127
107
89
73
57
47
37
29
23
31
47
41
37
35
31
27
