201
201
201
201
199
199
201
99
53
35
23
11
9
15
25
35
45
55
65
73
81
89
105
125
143
275
-119
-119
-119
-119
-119
-119
-119
-119
-119
-119
-119
-119
-119
-119
-119
-119
-119
-119
-119
-119
-119
-119
-119
-119
-119
-119
-119
-119
-119
-119
-119
-119
-119
-119
-119
-119
-119
-119
-119
-119
-119
-119
-119
-119
-119
-119
-119
-119
-119
-119
-119
-119
-119
-119
-119
-119
-119
-119
-119
-119
-119
-119
-119
-119
-119
-119
-119
-119
-119
-119
-119
-119
-119
-119
-119
-119
-119
-119
-119
-119
-119
-119
-119
-119
-67
39
87
109
113
109
105
95
127
97
91
123
111
85
99
133
115
75
85
121
147
111
61
83
119
145
165
127
47
71
107
135
157
175
191
129
31
65
97
125
149
167
181
195
205
209
37
25
63
93
111
137
155
171
179
179
179
297
-119
-119
-119
-119
-119
-119
-119
-119
-119
-119
-119
-119
-119
-119
-119
-119
-119
-119
-119
-119
-119
-119
-119
-119
-119
-119
-119
-119
-119
-119
-119
-119
-119
-119
-119
-119
-119
-119
-119
-119
-119
-119
-119
-119
-119
-119
-119
-119
-119
-119
-119
-119
-119
-119
-119
-119
-119
-119
-119
-119
-119
-119
-119
-119
-119
-119
