0
0
0
0
0
0
0
0
0
0
0
0
0
0
0
0
0
0
0
0
0
0
0
0
0
0
0
0
0
0
0
0
0
0
0
0
3
69
161
247
757
1758
1948
1499
1304
1342
1427
1521
1467
1413
1320
1306
1346
1310
1266
1242
1264
1308
1332
1304
1266
1330
1371
1367
1395
1415
1427
1449
1407
1348
1232
1138
1138
1224
1292
1312
1306
1290
1266
1332
1409
1365
1326
1344
1393
1431
1401
1334
1248
1162
1138
1216
1324
1373
1318
1244
1228
1328
1447
1457
1405
1322
1334
1346
1324
1270
1272
1230
1132
1100
1174
1286
1363
1383
1375
1350
1358
1365
1324
1254
1238
1294
1405
1447
1361
1306
1290
1216
1136
1152
1202
1262
1312
1371
1431
1443
1459
1447
1395
1346
1369
1477
1553
1477
1397
1365
1302
1260
1258
1284
1332
1425
1435
1393
1328
1264
1288
1401
1501
1531
1475
1350
1300
1292
1202
1178
1222
1278
1308
1324
1322
1336
1413
1525
1511
1425
1377
1409
1473
1459
1421
1360
1268
1232
1314
1419
1457
1443
1433
1441
1515
1601
1555
1425
1391
1477
1481
1387
1344
1296
1240
1236
1300
1306
1310
1383
1499
1515
1423
1417
1491
1449
1310
1244
1274
1371
1421
1387
1318
1316
1354
1316
1232
1190
1206
1244
1348
1457
1485
1425
1407
1501
1529
1455
